Multiple size <= 100
TEST 1 ARG:37 77 96 66 32 60 72 49 93 26 87 19 62 63 38 14 71 42 70 5 82 40 2 85 68 97 74 61 52 46 20 51 0 79 53 18 28 25 83 94 27 50 73 30 8 54 59 43 88 47 65 39 67 84 55 15 13 1 41 75 33 11 4 58 36 7 34 56 57 78 10 16 98 64 99 31 6 86 80 21 91 76 92 44 90 45 22 95 12 3 48 23 24 17 69 9 35 29 81 89
TEST 2 ARG:94 41 25 76 13 39 75 71 64 57 35 42 19 47 9 21 10 51 4 15 30 78 73 26 32 88 68 93 60 98 92 46 20 3 53 7 79 38 84 95 80 33 66 81 34 90 49 87 27 6 69 63 86 8 89 28 50 56 1 23 82 85 37 61 97 17 99 55 5 91 12 22 18 72 48 62 70 96 11 45 16 36 29 43 77 14 58 40 52 31 59 65 44 67 74 54 24 2 0 83
TEST 3 ARG:12 73 38 16 26 85 86 83 21 84 14 19 57 51 81 48 42 50 10 43 89 3 92 33 91 66 80 30 40 7 11 79 44 24 53 20 1 22 39 88 18 13 52 37 17 56 68 29 60 58 61 67 2 69 97 25 9 41 87 74 99 70 34 28 78 46 65 47 6 76 31 8 0 94 71 35 27 64 63 72 59 32 55 36 98 77 93 23 62 90 4 95 75 5 49 82 15 54 45 96
TEST 4 ARG:73 6 59 70 62 3 57 61 55 86 13 48 89 10 63 49 23 79 97 37 85 34 96 68 53 8 91 67 95 4 11 94 33 45 64 42 54 74 98 12 93 0 39 2 84 71 29 24 50 27 44 30 72 18 9 82 7 92 99 20 5 43 31 76 14 21 16 17 65 51 56 77 75 26 66 78 28 60 46 41 80 81 40 87 58 52 15 25 38 90 22 1 19 69 47 83 88 32 35 36
TEST 5 ARG:96 26 48 90 83 78 11 65 56 87 5 95 21 45 61 9 71 29 22 63 64 38 70 68 36 16 4 94 46 74 20 79 47 3 7 37 28 27 50 84 92 33 57 55 81 52 59 82 35 75 15 31 0 88 43 72 49 99 77 66 40 18 80 1 13 76 85 23 97 8 51 41 19 14 53 62 58 17 34 39 89 2 54 6 93 30 10 42 67 60 32 12 69 25 44 73 91 86 24 98
TEST 6 ARG:89 80 16 52 1 31 13 92 36 79 56 84 23 6 26 57 69 44 59 37 27 71 12 8 58 40 87 61 62 66 65 17 67 32 25 2 85 3 48 19 97 39 68 54 22 88 30 35 82 98 94 51 63 50 86 7 74 60 49 99 81 91 83 76 5 21 96 95 64 11 93 45 53 41 46 72 47 33 34 78 24 70 9 42 15 10 73 90 77 0 14 55 38 75 29 43 28 18 20 4
TEST 7 ARG:21 65 11 93 34 51 97 19 29 9 32 89 52 98 56 69 18 92 68 2 44 86 26 1 87 42 35 55 83 37 33 62 53 27 6 66 4 82 7 80 54 50 8 36 17 60 67 39 46 13 85 74 63 22 61 43 45 41 77 79 73 64 49 31 23 58 75 0 15 48 76 24 20 10 95 16 25 28 47 71 40 78 38 91 94 70 88 57 59 30 5 14 3 84 72 99 90 12 96 81
TEST 8 ARG:20 34 22 0 92 79 93 47 61 41 30 21 26 67 27 14 16 91 15 24 37 77 48 65 19 83 23 1 58 75 84 64 7 60 88 33 81 38 12 13 40 6 62 5 70 87 66 94 51 52 50 95 90 3 2 69 45 29 25 44 89 73 56 57 72 59 4 32 54 17 9 36 39 97 31 55 96 8 35 71 18 80 46 10 11 82 28 78 43 49 99 74 85 86 42 76 98 63 68 53
TEST 9 ARG:11 95 43 45 70 31 90 16 18 54 19 2 41 81 39 3 76 96 40 38 1 87 89 80 10 97 17 24 61 68 91 62 82 26 15 85 7 34 60 84 58 21 59 65 46 6 92 32 88 71 78 14 5 20 53 69 44 9 0 48 47 29 63 8 56 35 73 13 77 79 27 52 83 50 37 28 64 25 72 74 22 94 66 75 4 99 36 49 30 86 67 42 57 51 98 93 23 33 12 55
TEST 10 ARG:80 10 87 0 51 29 9 35 60 76 15 56 12 69 41 78 77 85 1 28 97 98 19 67 50 18 58 26 8 52 2 53 44 99 24 94 36 11 7 74 71 95 30 59 43 68 42 33 65 83 5 3 13 72 88 86 55 40 32 6 45 73 17 96 79 39 63 84 92 61 22 89 54 16 14 81 31 82 20 49 75 21 90 91 34 4 47 93 23 64 66 48 27 25 57 37 62 70 38 46
TEST 11 ARG:20 89 80 0 84 53 5 51 62 83 72 91 88 93 42 6 9 77 17 82 24 76 50 27 30 38 11 69 96 39 13 75 65 54 31 45 60 79 19 92 34 2 18 55 64 70 33 36 99 7 32 57 35 8 78 68 71 81 47 3 98 66 59 56 86 46 48 97 23 43 74 95 10 90 52 14 4 87 28 37 40 21 26 49 22 29 15 94 44 73 16 12 41 61 63 1 58 85 67 25
TEST 12 ARG:40 85 67 74 8 51 48 69 36 34 46 84 55 2 26 81 7 54 23 90 13 52 92 58 12 72 70 41 15 22 31 37 82 53 17 32 1 42 27 14 20 86 64 0 66 63 30 62 6 21 18 49 73 98 97 4 68 25 19 47 71 43 44 88 33 24 3 59 56 5 10 50 80 60 95 77 87 11 83 57 76 61 39 65 9 35 28 99 75 45 79 29 96 94 38 78 93 89 16 91
TEST 13 ARG:89 60 43 34 86 49 44 37 9 17 19 15 90 69 40 8 62 7 46 30 35 81 14 23 28 6 31 74 61 13 75 84 99 65 98 29 94 12 41 39 53 21 32 26 27 97 83 20 82 59 96 18 64 36 70 79 4 42 51 93 2 57 25 55 22 58 80 5 1 33 66 78 3 63 45 0 11 73 24 47 52 54 91 68 92 38 48 10 56 88 85 87 50 95 16 71 67 72 76 77
TEST 14 ARG:64 66 51 79 28 77 46 19 38 4 91 69 63 1 93 23 10 7 80 87 26 85 70 39 62 37 9 13 54 14 0 84 74 60 43 78 67 72 71 45 25 12 36 57 82 81 32 92 6 75 29 33 86 21 31 56 30 95 53 61 94 52 68 73 2 20 3 5 83 65 40 11 49 98 42 90 18 17 27 15 35 22 50 34 41 96 97 44 76 47 99 16 24 88 89 48 55 59 8 58
TEST 15 ARG:32 54 82 65 78 26 97 14 28 17 23 12 40 37 2 66 46 64 69 11 99 60 48 58 91 55 1 87 52 47 53 35 86 76 13 15 18 27 63 93 49 73 90 34 68 22 95 45 61 24 6 74 3 92 51 98 72 16 7 10 4 5 84 41 85 0 79 70 19 67 8 96 71 29 20 21 39 94 38 36 33 88 43 50 81 75 89 62 57 83 77 56 59 31 25 44 9 80 42 30
